7
2
2
1
12
5
-2
5
-2
3
4
8
7
1
1
tr 1
1,200000
-399
0
300
0
9
0
3
1
pipe 2
1,200000
300
0
1
tr 3
1,200000
400
1
5
1
tr
5
2
1
7
2
2
0
1
3
9
1
2
3
1
tr 4
2,200000
400
0
2
cs 1
10
9
a
9
2
0
2
cs 2
10
9
a
2
cs 3
10
2
b
3
4
9
2
2
2
cs 5
10
5
c
1
tr 5
2,400000
300
0
9
1
6
1
tr 7
2,300000
400
1
6
2
50
4
2
cs 4
10
2
c
6
2
50
10
data1.txt
0
11
data1.txt
3
4
1
tr 6
1,200000
300
1
2
cs 6
10
10
a
7
2
2
1
12
5
-2
5
-2
3
4
8
7
1
1
0
1
-399
0
7
2
2
1
12
5
-2
5
-2
3
4
8
7
1
1
0
1
-399
0
7
2
2
1
12
5
-2
5
-2
3
4
8
7
1
1
0
1
-399
0
1
фыввфы
123,000000
1
1
3
1
фывфывывф
213,000000
2
1
2
фвыфвывфыфывывф
23
2
1
1
ыкрыпрппр
23,000000
2
1
1
oodfsonsdonj
123,000000
1
1
1
adsndsanjlnl
23,000000
2
1
3
1
sdasaddsa
23,000000
2
1
9
1
2
1
dssaddsadas
23,000000
2
1
5
2
1
3
1
adssdadasd
123,000000
1
1
2
фывфыввфы
123
1
1
2
фвывфыфвы
123
11
1
4
1
213
0,000000
1,000000
21
1
3
7
2
2
1
0
9
1
5
1
фыввфы
123,000000
1
1
2
фыв
123
1
1
9
2
2
2
фывывффвыфвы
123
1
1
1
sddsa
123,000000
1
1
1
asassdadsada
23,000000
2
1
1
fdsgsfdsgd
23,000000
1
1
7
1
1
1
asdasasddsasda
23,000000
2
1
1
asasdsdadas
123,000000
1
1
1
sdasdasdadas
232,000000
21
1
1
asdsadsadsad
23,000000
1
1
7
1
0
1
asdsdasda
23,000000
2
1
1
asdsda
0,000000
1,000000
1
1
1
asdddsadaasd
1,000000
1
1
7
1
0
3
1
asddassda
23,000000
1
1
0
2
saddsa
1
1
2
2
asdasddas
23
2
1
2
sasaddas
23
2
1
9
2
2
1
sdsda
21,000000
1
1
2
asdsda
23
1
1
1
ывфывфф
123,000000
1
1
1
фы
0,000000
0,000000
1,000000
11
1
0
23
2
1
1
1
1
1
123231
231,000000
23
2
1
7
2
2
0
3
1
фыввфыывф
23,000000
2
1
1
фывывффвы
23,000000
2
2
1
7
1
0
1
фывывфф
23,000000
2
1
1
asd
123,000000
1
1
1
asddsdasda
23,000000
2
2
1
1
asdsda
23,000000
2
1
7
1
0
1
asd
23,000000
2
1
1
asdasd
123,000000
1
1
0
1
assdaasd
23,000000
2
21
1
0
1
asadsad
23,000000
1
1
5
2
0
5
2
1
1
asdsadsda
23,000000
1
1
7
1
0
1
asdsda
123,000000
1
1
1
assadda
23,000000
2
1
0
1
asdsdadas
23,000000
1
1
1
asdsadasdasd
23,000000
1
1
7
1
0
1
asdsadads
23,000000
1
1
1
asdsad
123,000000
1
1
1
asddasd
0,000000
2,000000
2
21
1
1
asdsadsad
23,000000
2
1
7
1
0
1
asddsaddas
23,000000
2
1
1
фывыфв
123,000000
1
1
1
фывыфвыфывфвф
23,000000
2
1
3
1
ФЫВЫФВЫФВФЫВФЫ
123,000000
1
1
7
1
0
1
упапуп
34,000000
3
1
7
1
0
1
ыффвыщофыв
23,000000
1
0
7
2
2
0
1
1
фыывфывф
23,000000
2
1
5
2
1
1
фывыывф
23,000000
2
1
1
1
0,000000
123,000000
1
1
1
adssdadasad
23,000000
2
1
0
12375
123
0
1
asdsdasda
23,000000
2
1
7
2
2
1
0
1
assdasda
23,000000
2
1
1
assasaddas
123,000000
1
1
1
asdsadsdasdasda
23,000000
2
1
1
gagdfsggsfd
34,000000
1
1
7
1
0
1
asassdadas
23,000000
1
1
7
2
2
1
0
1
sadasdsdasda
23,000000
2
1
2
asdsadasdb;sja123
1
1
asd
2
vugbhi,l[
12
1
as
6
1
a
2
yuvbyinojmkp
123
1
0
6
2
1
1
аффавы
123,000000
1
1
2
фывфывф
213
1
1
4
8
3
2
1
0
2
фыыыфввы
123
1
1
6
1
фыв
2
укен
22
2
2
11
file.txt
11
data.txt
2
12123
1
1
1
2
фвыыфвфывф
23
20
фы
10
file.txt
2
фыывф
2
фывыфвфыывф
23
2
1
11
file.txt
2
sadsadsda
23
1
1
3
4
2
asdasdas
23
2
1
11
file.txt
3
4
2
asdsdasdaad
23
1
1
6
2
50
8
2
8
11

file.txt
11
file.txt
11
file.txt
3
4
2
afgh
123
23
2
6
1
a
6
2
50
2
asd
123
1
1
9
2
3
2
asdsadsda
23
2
1
10
file2.txt
0
11
file2.txt
3
4
2
sadsda
23
2
1
4
2
asdasdsdas
23
2
1
3
3
3
1
asd
123,000000
500
1
2
ks1
123
23
2
2
ks2
1231
1
1
3
4
13
14
15
1
12
0
2
0
1
12
0
1
500
13
15
0
3
2
asd
0
0
12
1
1
0
1
3
1
труба1
23,000000
123
1
1
труба2
123,000000
500
0
2
кс1
10
1
й
2
кс2
34
3
3
2
кс3
123
23
1
3
4
7
1
0
1
труба3
1000,000000
1000
0
5
2
1
31
13
15
0
12
0
0
123
1
100
1
труба3
100,000000
0
3
13
1
труба1
123,000000
100
0
1
труба2
200,000000
500
0
1
труба3
1400,000000
1400
0
2
кс1
123
23
1
2
кс2
23
2
2
2
кс3
123
1
1
3
4
15
0
12
0
0
123
1
1400
13
15
0
13
12
0
1
100
1
труба1
123,000000
100
0
1
труба2
23,000000
500
0
1
труба3
1000,000000
1000
0
2
кс1
23
23
1
2
кс2
123
23
2
2
кс3
12
1
1
3
4
15
0
13
12
0
1
100
12
0
1
500
13
14
12
0
1
1000
13
1
bgeтруба
1
труба1
123,000000
500
1
1
труба2
123,000000
1
100
0
1
труба3
1000,000000
123
1
1
труба4
123,000000
1000
0
2
кс1
123
23
1
2
кс2
123
23
2
2
кс3
100
99
1
7
1
0
12
0
1
100
12
0
1
500
12
0
1
500
12
0
1
700
12
0
2
700
0
12
0
1
700
12
0
1
1000
1
труба5
111,000000
111
0
12
0
2
700
1
труба700
123,000000
0
13
15
1
13
12
1
0
1400
12
1
2
1400
1
труба1400
23,000000
0
15
0
1
ывфывыфв
23,000000
2
0
2
кс1
23
2
1
1
ыфвыв
23,000000
500
0
12
0
0
0
213
123
0
0
9
3
1
Труба1
123,000000
500
1
1
Труба2
23,000000
1222
0
1
Труба3
1400,000000
1400
0
2
кс1
23
2
1
2
кс2
34
3
3
0
2
кс3
123
23
1
3
4
12
0
0
3
2
500
0
12
0
1
213
12
0
1
1400
12
0
1
1000
13
15
0
13
0
1
труба1
123,000000
2
0
1
труба2
23,000000
500
0
2
кс1
23
2
1
2
кс2
23
23
1
12
0
1
500
13
9
3
0
1
труба1
23,000000
500
0
2
кс1
23
2
1
2
кс2
23
23
1
12
0
1
500
9
1
0
3
4
9
2
0
1
труба1
123,000000
500
0
1
труба2
23,000000
1400
0
1
труба3
23,000000
1000
0
2
кс1
23
2
1
2
кс2
2323
2
1
2
кс3
123
2
1
12
0
1
500
12
0
2
1400
14
13
12
1
2
1000
13
14
15
1
13
14
15
0
15
2
3
4
12
0
1
500
12
1
2
1000
12
2
0
1400
3
13
14
15
3
15
4
15
5
14
12
0
1
500
9
2
0
1
труба1
123,000000
500
0
1
труба2
123,000000
1000
0
1
труба3
1400,000000
1400
0
1
труба4
1000,000000
1400
0
2
кс1
23
2
1
2
кс2
23
2
1
2
кс3
23
2
1
3
4
13
14
12
0
2
500
12
0
1
1400
12
2
1
1400
13
14
1
труба1
23,000000
500
0
1
труба2
50,000000
1000
0
2
кс1
12
2
0
2
кс2
123
2
1
3
4
12
0
1
500
2
кс3
232
2
9
3
4
13
12
0
2
1000
13
10
file123.txt
0
3
13
11
file123.txt
3
4
13
10

11
file123.txt
13
3
1
труба1
1,000000
500
0
1
труба2
100,000000
1000
0
1
труба3
0,000000
123,000000
1400
0
2
кс1
23
2
1
2
кс2
233
23
1
2
кс3
2323
1
1
3
4
2
кс4
123
2
1
2
кс5
213
2
1
3
1
труба4
123,000000
700
0
1
труба5
232,000000
1400
0
2
цйу
213
1
1
12
4
1
500
12
4
0
700
12
1
3
1400
12
3
2
1000
12
0
2
1400
13
14
15
1
15
4
14
12
2
0
1400
12
0
4
1000
0
12
0
4
1400
0
12
0
4
500
1
труба6
123,000000
0
13
14
13
9
1
5
2
кс_ист
123
23
1
2
кс_промеж
123
1
1
2
кс_сток
11
1
1
1
труба 10 вместимость
10,000000
1000
0
1
труба 2 вмв
10,000000
700
0
12
0
1
1000
12
1
2
700
19
18
0
2
17
0
2
13
17
0
2
2
кс0
123
2
1
2
кс1
11
1
1
2
кс2
67
65
1
4
1
труба1
10,000000
1000
0
1
труба2
5,000000
700
0
1
труба3
8,000000
1400
0
12
0
1
1000
12
1
2
700
12
0
2
1400
13
3
13
18
0
2
7
2
1
труба3
1
18
0
2
0
2
Москва
10
7
123
2
Санкт-Петербург
8
6
123
2
Казань
213
2
1
1
труба0
700,000000
1000
0
1
труба1
800,000000
700
0
12
0
1
1000
2
Екатеринбург
123
1
1
2
Новосибирск
123
2
1
1
труаб2
1200,000000
700
0
12
1
2
700
1
труба4
900,000000
500
0
12
2
3
500
1
труба5
1500,000000
1000
0
12
3
4
1000
1
труаб6
3000,000000
1400
0
12
0
4
1400
13
14
15
0
0
0
5
17
0
1
17
0
4
18
0
4
13
7
2
1
труба6
3
7
2
1
труаб6
1
18
0
4
13
